# contestant :
    100
# host :
    203
# energy budget :
    2600
# penalty :
    34
# contestant_competence_value :
1   34
2   34
3   44
4   25
5   42
6   32
7   43
8   31
9   33
10   36
11   45
12   23
13   37
14   23
15   22
16   43
17   34
18   28
19   21
20   41
21   40
22   26
23   30
24   27
25   29
26   46
27   44
28   26
29   25
30   24
31   26
32   31
33   31
34   40
35   33
36   46
37   26
38   32
39   34
40   37
41   28
42   45
43   46
44   32
45   25
46   40
47   40
48   23
49   25
50   20
51   39
52   32
53   24
54   44
55   38
56   25
57   26
58   25
59   46
60   20
61   41
62   27
63   34
64   45
65   40
66   32
67   24
68   39
69   37
70   44
71   21
72   39
73   27
74   42
75   39
76   44
77   36
78   42
79   29
80   42
81   38
82   30
83   36
84   41
85   30
86   37
87   31
88   35
89   32
90   44
91   21
92   46
93   23
94   29
95   40
96   33
97   28
98   27
99   46
100   42
# Host_ID    Competence  Win_Points  Loss_Points Energy_Cost
1       37          311         124         20
2       47          357         127         15
3       20          145         54          8
4       13          109         47          14
5       43          352         146         16
6       31          245         102         20
7       22          187         67          11
8       12          93          41          17
9       19          155         64          20
10      44          319         125         6
11      40          343         121         11
12      25          186         65          11
13      15          110         39          17
14      12          96          38          15
15      39          313         128         13
16      36          267         99          18
17      14          121         49          17
18      26          222         79          12
19      13          101         38          13
20      29          210         74          14
21      24          188         78          12
22      29          238         100         5
23      15          127         48          19
24      12          100         36          7
25      11          91          39          9
26      20          172         60          5
27      30          240         88          17
28      38          285         125         13
29      14          114         47          9
30      37          301         122         8
31      29          214         77          12
32      13          101         39          16
33      15          109         48          18
34      11          89          35          7
35      28          229         82          9
36      18          157         63          9
37      20          174         67          17
38      16          131         52          15
39      17          140         61          20
40      28          211         90          16
41      24          174         61          8
42      45          330         130         6
43      40          310         123         20
44      13          113         47          13
45      11          89          35          8
46      21          152         61          12
47      39          342         120         12
48      33          284         102         14
49      16          123         53          19
50      49          367         131         15
51      48          404         166         11
52      37          271         103         11
53      30          228         94          19
54      11          82          32          20
55      48          410         145         19
56      32          230         91          18
57      34          253         99          11
58      27          205         91          17
59      35          266         93          13
60      25          214         78          18
61      15          125         45          20
62      33          248         103         12
63      35          305         120         15
64      12          91          37          6
65      14          108         47          13
66      47          372         153         14
67      44          344         131         9
68      21          162         69          18
69      25          210         89          11
70      21          153         54          13
71      40          302         134         15
72      36          299         122         20
73      32          265         116         7
74      42          321         131         10
75      33          253         94          18
76      12          86          32          7
77      44          367         164         8
78      27          221         98          20
79      44          336         143         6
80      41          340         149         10
81      15          110         43          11
82      43          315         129         9
83      35          280         109         18
84      21          178         70          12
85      48          397         156         5
86      28          220         86          14
87      22          186         74          9
88      40          297         128         14
89      34          245         109         8
90      50          437         187         12
91      19          165         72          12
92      40          341         133         14
93      43          368         142         20
94      17          137         61          9
95      12          96          34          18
96      34          265         93          7
97      24          198         74          10
98      49          390         160         16
99      32          248         93          18
100     24          210         81          14
101     44          319         123         20
102     36          273         99          20
103     49          412         158         5
104     14          109         43          17
105     23          189         71          6
106     15          120         51          19
107     32          276         121         16
108     47          413         181         15
109     25          202         81          14
110     30          246         109         13
111     16          119         45          19
112     42          345         128         15
113     19          148         58          17
114     32          264         111         12
115     49          422         177         14
116     28          238         94          13
117     47          413         145         17
118     49          383         150         14
119     43          337         142         17
120     19          166         63          13
121     32          281         110         10
122     18          150         53          9
123     22          164         66          20
124     39          325         132         7
125     35          257         102         19
126     39          327         123         6
127     46          388         171         7
128     11          92          37          15
129     11          89          37          8
130     43          363         130         16
131     37          309         134         14
132     10          81          28          10
133     13          108         42          15
134     26          218         87          6
135     39          310         129         13
136     24          187         75          5
137     16          122         51          5
138     21          178         65          11
139     29          218         79          6
140     45          348         156         14
141     49          403         178         11
142     16          137         57          17
143     47          405         172         16
144     35          254         106         15
145     24          201         85          10
146     14          118         52          19
147     34          251         88          13
148     45          389         169         10
149     39          283         103         5
150     33          267         94          20
151     22          180         64          12
152     23          182         65          6
153     41          349         127         18
154     39          308         120         13
155     41          299         115         11
156     16          129         57          11
157     14          116         46          15
158     22          160         62          20
159     50          401         178         13
160     32          260         100         7
161     12          92          33          5
162     46          367         131         19
163     11          90          33          7
164     50          432         187         9
165     48          353         152         19
166     49          424         182         5
167     45          370         132         15
168     48          346         127         14
169     25          218         77          17
170     30          254         93          16
171     28          238         96          13
172     41          321         124         7
173     25          208         92          18
174     41          359         159         8
175     10          74          26          10
176     14          101         36          17
177     43          342         140         14
178     41          303         117         8
179     50          361         137         10
180     14          108         46          12
181     31          231         101         15
182     50          384         146         19
183     17          134         52          18
184     20          150         53          16
185     23          192         76          9
186     47          342         151         13
187     43          351         123         10
188     42          336         144         7
189     18          129         55          14
190     38          327         128         15
191     24          209         85          13
192     19          159         68          7
193     25          208         80          9
194     17          126         49          14
195     17          129         45          7
196     48          402         163         12
197     45          377         151         16
198     15          120         44          17
199     39          339         139         20
200     16          115         49          13
201     25          205         72          11
202     50          386         165         13
203     21          172         68          12

