# contestant :
    20
# host :
    43
# energy budget :
    484
# penalty :
    49
# contestant_competence_value :
1   44
2   46
3   46
4   20
5   26
6   29
7   40
8   35
9   21
10   44
11   28
12   21
13   29
14   38
15   33
16   23
17   38
18   23
19   38
20   41
# Host_ID    Competence  Win_Points  Loss_Points Energy_Cost
1       22          176         75          15
2       21          169         67          8
3       50          414         169         16
4       36          279         116         19
5       14          102         41          9
6       12          96          34          12
7       37          317         125         20
8       49          392         156         6
9       41          313         111         18
10      34          279         110         20
11      24          189         77          7
12      18          133         49          10
13      50          420         156         9
14      33          248         102         19
15      33          253         101         19
16      39          323         127         16
17      42          368         132         13
18      36          277         97          12
19      46          332         140         13
20      42          309         133         6
21      13          104         38          6
22      27          233         85          15
23      15          110         45          9
24      44          342         129         7
25      47          345         140         10
26      14          102         45          15
27      20          160         59          7
28      15          124         47          19
29      48          367         158         14
30      26          198         86          13
31      37          268         102         14
32      14          117         52          15
33      40          348         130         19
34      33          280         99          19
35      30          230         102         9
36      33          259         96          8
37      18          153         59          5
38      18          157         57          7
39      50          385         169         6
40      14          119         53          8
41      17          145         62          6
42      17          141         60          20
43      13          110         47          7

